name,email,year,month,day
Jon,test@email.com,1961,06,20
Jane,tes1@email.com,2000,06,20
Brig,test@email.com,1961,06,22
Jessie,tes1@email.com,2000,06,21
Juan,test@email.com,1961,06,21
Juanita,tes1@email.com,2000,06,21
